Valid:

-0.208428372020025	1.07213171337686	-0.2816891182387	1.1882542905512	1.73963365286256	-0.848113627438667	0.564671891096061	-0.633982291691103	0.371499978480976	1.48473456352774	-0.372933051690284	-1.37038143758761	0.161307438199288	-1.8102328430466	-0.434540610757988	-1.53390402048031	-1.07378024389573	0.86276902222787	-1.16375028009722	0.183810583824839	-0.301033763307833	-0.431254087628149	-0.847681421049181	0.100169974023655	0.039474970494278	0.372361233091638	-0.504906487940887	0.080580062754136	0.026028917860443	-0.297256186251692





Fraud:


-1.03758411887973	-1.51924353075082	2.30849245367643	-1.50359931953802	2.06410058377601	-1.00084505842829	-1.01689703316417	-2.05973051990126	-0.275166374590629	-1.56220609694371	-2.75579692797163	3.43824825990431	-3.52152936013651	-0.918761288376486	-4.45210024854037	0.499313753853031	-2.90790343439971	-5.24864639527919	-0.936814652613817	1.16012029433585	0.175018552247898	1.30787143187069	0.102825644139183	-0.017746283242816	0.149695925673219	-0.096602468064212	-0.369114567720136	-0.019244093126923	-0.20831909164279	-0.349231306772886

